0.000000e+00 0.000000e+00 0.000000e+00
0.000000e+00 0.000000e+00 0.000000e+00
0.000000e+00 0.000000e+00 0.000000e+00
0.000000e+00 0.000000e+00 0.000000e+00
0.000000e+00 0.000000e+00 0.000000e+00
0.000000e+00 0.000000e+00 0.000000e+00
1.000000e-01 -7.500000e-01 -9.000000e-02
2.300000e-01 -2.620000e+00 -2.300000e-01
-1.300000e-01 3.300000e-01 -2.600000e-01
1.400000e-01 1.480000e+00 -2.800000e-01
1.900000e-01 2.850000e+00 -2.000000e-01
4.000000e-01 3.980000e+00 -1.800000e-01
1.700000e-01 -1.200000e-01 -1.200000e-01
2.000000e-02 -7.240000e+00 -1.400000e-01
1.060000e+00 -5.710000e+00 -3.200000e-01
1.000000e-02 -1.320000e+00 -3.100000e-01
4.700000e-01 1.630000e+00 -3.000000e-01
-3.100000e-01 4.750000e+00 -2.400000e-01
-8.500000e-01 7.450000e+00 -2.700000e-01
3.000000e-01 4.060000e+00 -2.100000e-01
1.500000e-01 -5.250000e+00 -1.700000e-01
8.200000e-01 -8.330000e+00 -5.500000e-01
8.800000e-01 -4.890000e+00 -3.300000e-01
1.900000e-01 2.000000e-02 -3.600000e-01
-1.300000e-01 4.070000e+00 -3.300000e-01
2.000000e-02 6.970000e+00 -2.500000e-01
6.700000e-01 7.390000e+00 -2.000000e-01
-6.000000e-01 -8.500000e-01 -2.100000e-01
5.800000e-01 -5.040000e+00 3.100000e-01
1.000000e-01 -6.940000e+00 5.900000e-01
2.800000e-01 -4.790000e+00 -5.500000e-01
3.800000e-01 -1.990000e+00 -5.700000e-01
1.140000e+00 2.040000e+00 -1.600000e-01
1.500000e-01 4.310000e+00 -3.700000e-01
4.800000e-01 5.720000e+00 -1.700000e-01
1.400000e-01 5.390000e+00 -8.800000e-01
-2.800000e-01 3.000000e-01 2.200000e-01
-1.090000e+00 -5.410000e+00 2.300000e-01
-2.300000e-01 -7.020000e+00 -2.600000e-01
7.700000e-01 -4.170000e+00 -1.540000e+00
-1.900000e-01 -3.800000e-01 -2.800000e-01
4.900000e-01 2.530000e+00 -1.700000e-01
9.200000e-01 6.440000e+00 -2.600000e-01
-6.000000e-01 6.180000e+00 -3.400000e-01
1.300000e-01 3.870000e+00 -5.100000e-01
2.900000e-01 -2.780000e+00 -2.500000e-01
-2.800000e-01 -7.280000e+00 -1.800000e-01
-2.000000e-01 -6.080000e+00 -2.000000e-02
-1.800000e-01 -2.760000e+00 -2.100000e-01
-4.500000e-01 1.670000e+00 -2.500000e-01
3.500000e-01 4.470000e+00 -3.700000e-01
3.600000e-01 5.310000e+00 -6.000000e-02
1.900000e-01 4.520000e+00 -3.300000e-01
-3.700000e-01 -1.100000e-01 -4.500000e-01
-3.800000e-01 -5.290000e+00 -4.600000e-01
-9.400000e-01 -4.760000e+00 7.000000e-02
-4.000000e-01 -4.330000e+00 -1.700000e-01
3.000000e-01 3.300000e-01 -3.100000e-01
8.900000e-01 3.610000e+00 -3.400000e-01
4.000000e-01 6.040000e+00 -1.800000e-01
7.000000e-02 5.780000e+00 -2.000000e-02
0.000000e+00 1.810000e+00 -1.200000e-01
-3.500000e-01 -2.620000e+00 -4.300000e-01
-2.800000e-01 -6.850000e+00 -3.000000e-01
4.200000e-01 -5.290000e+00 -2.500000e-01
4.500000e-01 -2.160000e+00 -3.100000e-01
9.000000e-02 3.320000e+00 -3.200000e-01
1.400000e-01 5.200000e+00 -1.600000e-01
4.900000e-01 6.540000e+00 -9.000000e-02
1.000000e-02 3.710000e+00 -1.900000e+00
-3.700000e-01 -8.400000e-01 -4.100000e-01
3.300000e-01 -5.650000e+00 -2.000000e-02
-4.400000e-01 -6.540000e+00 -5.700000e-01
-3.000000e-02 -3.630000e+00 -4.300000e-01
7.000000e-02 -3.200000e-01 -4.800000e-01
1.050000e+00 3.020000e+00 -1.800000e-01
5.000000e-01 5.650000e+00 -3.700000e-01
-5.400000e-01 6.900000e+00 -2.800000e-01
3.100000e-01 3.200000e+00 -2.700000e-01
-1.400000e-01 -2.090000e+00 -3.100000e-01
-4.000000e-01 -6.810000e+00 -9.000000e-02
-1.300000e-01 -5.740000e+00 -1.500000e-01
4.000000e-02 -3.060000e+00 9.000000e-02
-1.400000e-01 1.070000e+00 -2.600000e-01
5.900000e-01 5.050000e+00 -2.000000e-01
2.480000e+00 4.410000e+00 -7.200000e-01
0.000000e+00 5.480000e+00 -3.000000e-01
-8.000000e-02 1.400000e-01 -3.700000e-01
4.300000e-01 -5.940000e+00 -3.600000e-01
-7.500000e-01 -4.870000e+00 1.900000e-01
3.600000e-01 -4.120000e+00 -3.100000e-01
-2.600000e-01 4.800000e-01 -3.600000e-01
5.800000e-01 3.210000e+00 -2.200000e-01
2.500000e-01 5.560000e+00 -3.700000e-01
-1.000000e-01 6.290000e+00 -2.000000e-02
-1.800000e-01 2.260000e+00 -2.900000e-01
5.000000e-02 -2.850000e+00 -3.200000e-01
7.500000e-01 -7.150000e+00 -9.000000e-02
1.010000e+00 -6.170000e+00 -4.000000e-01
-3.500000e-01 -4.600000e-01 -3.200000e-01
1.800000e-01 3.830000e+00 -1.800000e-01
5.400000e-01 6.900000e+00 -2.400000e-01
0.000000e+00 6.660000e+00 -3.400000e-01
-4.300000e-01 2.500000e+00 -3.000000e-01
-2.000000e-02 -3.590000e+00 -1.500000e-01
5.800000e-01 -6.850000e+00 -2.100000e-01
5.600000e-01 -4.610000e+00 -3.700000e-01
-2.700000e-01 -1.080000e+00 -1.200000e-01
-1.000000e-02 1.920000e+00 -4.100000e-01
9.300000e-01 6.500000e+00 -1.200000e-01
-9.100000e-01 7.160000e+00 -3.600000e-01
-4.500000e-01 3.590000e+00 -3.000000e-01
-2.000000e-02 -2.310000e+00 -3.300000e-01
2.500000e-01 -7.540000e+00 -2.900000e-01
4.200000e-01 -5.390000e+00 -1.700000e-01
-6.700000e-01 -3.860000e+00 -5.000000e-02
-3.700000e-01 1.110000e+00 -4.000000e-01
-1.300000e-01 5.010000e+00 -2.600000e-01
9.700000e-01 2.530000e+00 -1.200000e-01
-2.000000e-02 5.490000e+00 -2.300000e-01
-2.000000e-01 1.110000e+00 -3.700000e-01
-2.000000e-01 -5.840000e+00 -3.800000e-01
-4.000000e-01 -5.320000e+00 -2.600000e-01
-3.000000e-02 -4.650000e+00 -3.300000e-01
1.000000e-01 -4.000000e-02 -2.100000e-01
5.500000e-01 2.880000e+00 -1.000000e-01
2.300000e-01 7.480000e+00 -2.800000e-01
-4.900000e-01 6.410000e+00 -2.200000e-01
2.400000e-01 3.810000e+00 -2.800000e-01
-6.000000e-01 -1.340000e+00 -1.600000e-01
-2.400000e-01 -5.910000e+00 -6.000000e-02
-1.600000e-01 -6.860000e+00 -8.200000e-01
-1.400000e-01 -3.330000e+00 -2.100000e-01
1.000000e-01 -5.800000e-01 -2.300000e-01
4.100000e-01 2.830000e+00 -2.600000e-01
8.000000e-01 4.320000e+00 -3.000000e-01
-1.200000e-01 5.480000e+00 -1.600000e-01
-5.000000e-02 4.570000e+00 -4.000000e-01
5.000000e-02 2.600000e-01 -2.200000e-01
-1.900000e-01 -5.500000e+00 0.000000e+00
2.400000e-01 -4.870000e+00 -8.000000e-02
-2.000000e-01 -3.970000e+00 -3.100000e-01
-3.400000e-01 -1.460000e+00 1.900000e-01
3.500000e-01 2.320000e+00 -2.100000e-01
1.340000e+00 5.470000e+00 -2.400000e-01
3.300000e-01 6.150000e+00 -1.900000e-01
-5.000000e-01 2.830000e+00 -3.000000e-01
5.000000e-02 -5.400000e-01 -1.200000e-01
-7.700000e-01 -4.940000e+00 -1.200000e-01
-5.800000e-01 -6.610000e+00 -2.400000e-01
4.500000e-01 -3.620000e+00 -4.500000e-01
3.500000e-01 9.400000e-01 -1.500000e-01
4.900000e-01 3.460000e+00 -2.000000e-01
3.900000e-01 6.160000e+00 -3.500000e-01
-4.400000e-01 6.400000e+00 -1.900000e-01
-8.000000e-02 3.250000e+00 -3.500000e-01
-9.000000e-02 -1.950000e+00 -1.800000e-01
8.400000e-01 -7.680000e+00 -3.900000e-01
-2.900000e-01 -4.520000e+00 -4.200000e-01
1.000000e-01 -1.860000e+00 -1.700000e-01
-1.000000e-01 1.680000e+00 -3.000000e-01
1.000000e-02 4.090000e+00 -2.100000e-01
-5.600000e-01 5.010000e+00 -5.000000e-01
-1.600000e-01 5.100000e+00 4.000000e-02
-5.500000e-01 1.860000e+00 -9.000000e-02
6.400000e-01 -1.630000e+00 1.200000e-01
-1.800000e-01 -5.610000e+00 -4.000000e-02
0.000000e+00 -4.510000e+00 -4.700000e-01
-9.200000e-01 -1.900000e+00 -1.100000e-01
2.700000e-01 1.060000e+00 -2.500000e-01
6.900000e-01 5.260000e+00 -1.500000e-01
-1.700000e-01 5.590000e+00 -3.500000e-01
1.600000e-01 5.300000e+00 -2.600000e-01
1.400000e-01 2.300000e+00 0.000000e+00
-3.700000e-01 -2.150000e+00 -9.000000e-02
-4.900000e-01 -6.740000e+00 -2.600000e-01
-3.400000e-01 -4.800000e+00 -2.400000e-01
1.000000e-02 -1.170000e+00 -5.900000e-01
6.100000e-01 2.350000e+00 -3.900000e-01
5.300000e-01 5.160000e+00 -2.500000e-01
-7.900000e-01 4.430000e+00 -2.100000e-01
3.100000e-01 4.340000e+00 -1.200000e-01
-1.600000e-01 1.380000e+00 -1.300000e-01
-1.800000e-01 -3.850000e+00 7.000000e-02
-5.800000e-01 -5.920000e+00 -4.000000e-02
-1.000000e-02 -4.200000e+00 -3.400000e-01
1.000000e-01 -6.200000e-01 -6.700000e-01
3.700000e-01 2.230000e+00 -3.300000e-01
-9.000000e-02 6.110000e+00 -4.700000e-01
-9.000000e-01 5.310000e+00 -1.700000e-01
2.000000e-01 4.910000e+00 -3.400000e-01
1.900000e-01 1.610000e+00 -1.800000e-01
4.000000e-02 -5.590000e+00 -1.400000e-01
1.200000e-01 -6.010000e+00 2.000000e-02
2.400000e-01 -3.000000e+00 2.100000e-01
5.100000e-01 -2.500000e-01 -4.600000e-01
1.200000e-01 2.760000e+00 -2.600000e-01
1.600000e-01 6.340000e+00 -3.000000e-02
-9.200000e-01 6.040000e+00 -2.400000e-01
1.100000e-01 3.800000e+00 -3.800000e-01
-1.700000e-01 -6.400000e-01 -3.100000e-01
4.000000e-01 -5.120000e+00 -1.300000e-01
-8.400000e-01 -3.990000e+00 -1.800000e-01
1.600000e-01 -2.950000e+00 -7.900000e-01
-3.500000e-01 1.500000e-01 -3.500000e-01
3.200000e-01 4.530000e+00 -3.200000e-01
1.310000e+00 5.290000e+00 -2.700000e-01
5.800000e-01 5.280000e+00 -8.000000e-02
3.200000e-01 3.090000e+00 -2.600000e-01
2.100000e-01 -1.380000e+00 -5.600000e-01
-5.000000e-01 -5.400000e+00 -7.000000e-02
3.000000e-02 -5.090000e+00 2.100000e-01
-3.500000e-01 -3.410000e+00 -9.800000e-01
1.900000e-01 2.400000e-01 -5.700000e-01
4.800000e-01 4.020000e+00 -3.800000e-01
5.600000e-01 6.560000e+00 -2.600000e-01
-6.400000e-01 6.250000e+00 -2.900000e-01
-5.500000e-01 3.560000e+00 3.800000e-01
4.000000e-02 -5.100000e-01 -1.800000e-01
-7.000000e-02 -5.610000e+00 8.000000e-02
-3.500000e-01 -6.300000e+00 -4.500000e-01
7.200000e-01 -2.560000e+00 -2.100000e-01
5.000000e-02 9.300000e-01 -4.300000e-01
5.000000e-01 4.070000e+00 -3.800000e-01
3.800000e-01 6.590000e+00 -2.100000e-01
7.000000e-02 6.370000e+00 -2.200000e-01
-2.600000e-01 2.980000e+00 -3.500000e-01
-7.000000e-02 -2.640000e+00 2.800000e-01
0.000000e+00 -7.070000e+00 -9.000000e-02
4.300000e-01 -4.870000e+00 -3.300000e-01
1.060000e+00 -8.900000e-01 -3.300000e-01
-5.000000e-02 1.210000e+00 -3.500000e-01
8.000000e-02 5.430000e+00 -2.900000e-01
-3.400000e-01 6.390000e+00 -3.300000e-01
-7.400000e-01 4.960000e+00 -1.700000e-01
2.000000e-02 3.280000e+00 -3.500000e-01
4.800000e-01 -1.430000e+00 -3.500000e-01
-7.200000e-01 -6.100000e+00 -6.000000e-02
-2.400000e-01 -5.370000e+00 -2.100000e-01
-7.000000e-02 -3.310000e+00 -3.400000e-01
2.600000e-01 1.040000e+00 -2.000000e-01
7.800000e-01 3.940000e+00 -2.000000e-01
7.500000e-01 7.950000e+00 -4.800000e-01
-1.500000e-01 6.510000e+00 -2.000000e-01
1.120000e+00 3.170000e+00 -2.200000e-01
-4.500000e-01 -1.000000e+00 3.400000e-01
1.000000e-02 -6.170000e+00 3.000000e-02
-6.700000e-01 -6.100000e+00 -3.300000e-01
-2.000000e-01 -2.970000e+00 -7.200000e-01
3.800000e-01 1.800000e-01 -1.700000e-01
5.400000e-01 2.070000e+00 -2.800000e-01
7.400000e-01 6.030000e+00 -1.900000e-01
-9.200000e-01 7.160000e+00 -2.100000e-01
2.900000e-01 4.040000e+00 -2.700000e-01
2.600000e-01 5.900000e-01 -5.000000e-02
-7.200000e-01 -5.210000e+00 -1.300000e-01
-1.400000e-01 -4.370000e+00 -1.800000e-01
-9.900000e-01 -3.950000e+00 -2.100000e-01
-9.000000e-02 -9.900000e-01 -4.000000e-01
4.800000e-01 4.830000e+00 -2.700000e-01
1.120000e+00 6.910000e+00 -5.800000e-01
-7.400000e-01 6.800000e+00 -2.400000e-01
-5.500000e-01 4.290000e+00 -1.900000e-01
-1.400000e-01 7.200000e-01 -1.100000e-01
-1.200000e-01 -4.810000e+00 9.000000e-02
8.600000e-01 -3.730000e+00 2.300000e-01
1.200000e-01 -3.340000e+00 -1.100000e-01
1.100000e-01 -9.200000e-01 -2.500000e-01
3.700000e-01 4.360000e+00 -3.800000e-01
4.700000e-01 6.720000e+00 -2.700000e-01
-6.000000e-02 5.510000e+00 -3.400000e-01
-8.000000e-02 2.210000e+00 -3.300000e-01
-3.100000e-01 -1.420000e+00 -2.100000e-01
-4.200000e-01 -5.970000e+00 -7.000000e-02
-4.400000e-01 -4.800000e+00 -1.900000e-01
-7.100000e-01 -1.070000e+00 -1.100000e-01
-2.700000e-01 2.190000e+00 -1.300000e-01
3.300000e-01 4.970000e+00 -3.600000e-01
2.770000e+00 7.360000e+00 -5.500000e-01
-2.300000e-01 5.640000e+00 -3.500000e-01
4.000000e-02 1.340000e+00 -3.200000e-01
2.200000e-01 -3.860000e+00 -6.000000e-02
-4.500000e-01 -4.730000e+00 -1.600000e-01
-3.600000e-01 -4.520000e+00 -1.500000e-01
3.000000e-02 -1.610000e+00 -1.200000e-01
2.000000e-01 2.690000e+00 -6.000000e-02
3.400000e-01 4.440000e+00 -2.400000e-01
3.800000e-01 4.320000e+00 0.000000e+00
-3.200000e-01 5.490000e+00 -5.400000e-01
-7.000000e-02 9.700000e-01 -1.700000e-01
-1.700000e-01 -4.520000e+00 -1.000000e-01
-2.900000e-01 -4.090000e+00 2.700000e-01
-2.000000e-02 -3.080000e+00 -1.000000e-01
1.100000e-01 -2.000000e-02 -4.600000e-01
9.500000e-01 4.750000e+00 -2.000000e-02
2.600000e-01 7.130000e+00 -1.700000e-01
4.600000e-01 6.250000e+00 -1.800000e-01
3.000000e-02 2.830000e+00 0.000000e+00
0.000000e+00 -1.890000e+00 -5.000000e-01
-7.000000e-01 -6.290000e+00 -1.800000e-01
1.500000e-01 -6.710000e+00 9.000000e-02
-1.060000e+00 -1.290000e+00 -1.000000e-01
9.000000e-02 4.060000e+00 -7.000000e-02
1.120000e+00 7.570000e+00 -1.400000e-01
-1.190000e+00 7.950000e+00 -5.900000e-01
2.300000e-01 4.410000e+00 -3.300000e-01
1.300000e-01 -4.200000e-01 -2.800000e-01
1.000000e-01 -5.080000e+00 1.000000e-02
-1.510000e+00 -3.930000e+00 4.100000e-01
2.700000e-01 -3.670000e+00 -1.900000e-01
-1.000000e-02 1.140000e+00 -3.400000e-01
4.200000e-01 4.280000e+00 -2.900000e-01
7.200000e-01 6.300000e+00 -3.600000e-01
-2.500000e-01 7.000000e+00 -1.900000e-01
2.700000e-01 3.770000e+00 -2.400000e-01
-5.000000e-02 -1.950000e+00 1.800000e-01
-7.900000e-01 -5.610000e+00 -2.900000e-01
-6.500000e-01 -5.590000e+00 2.500000e-01
-6.800000e-01 -2.550000e+00 7.000000e-02
3.400000e-01 9.800000e-01 -4.100000e-01
5.100000e-01 3.720000e+00 -2.000000e-01
9.200000e-01 6.210000e+00 -1.300000e-01
-9.000000e-02 6.570000e+00 -1.900000e-01
-1.050000e+00 2.850000e+00 3.900000e-01
4.200000e-01 -4.200000e-01 -8.000000e-02
7.000000e-02 -5.570000e+00 -8.400000e-01
-6.200000e-01 -6.200000e+00 -2.500000e-01
-3.100000e-01 -3.470000e+00 4.100000e-01
-1.600000e-01 9.200000e-01 -5.600000e-01
8.600000e-01 4.970000e+00 -2.000000e-01
5.000000e-01 6.750000e+00 -1.030000e+00
1.000000e-02 6.600000e+00 -2.300000e-01
-5.200000e-01 2.050000e+00 -1.700000e-01
2.600000e-01 -1.520000e+00 -3.600000e-01
-8.800000e-01 -5.500000e+00 -1.900000e-01
-4.400000e-01 -4.570000e+00 -5.700000e-01
-3.200000e-01 -2.140000e+00 7.000000e-02
8.300000e-01 2.190000e+00 2.000000e-02
8.800000e-01 5.230000e+00 -2.400000e-01
-1.900000e-01 4.360000e+00 -7.400000e-01
-3.100000e-01 5.480000e+00 -5.200000e-01
3.300000e-01 3.440000e+00 1.700000e-01
0.000000e+00 -4.330000e+00 -1.200000e-01
1.000000e-02 -6.510000e+00 -2.400000e-01
-3.600000e-01 -4.700000e+00 -1.700000e-01
2.600000e-01 -7.700000e-01 -2.900000e-01
2.000000e-01 3.310000e+00 -2.300000e-01
5.300000e-01 6.500000e+00 -1.800000e-01
-1.160000e+00 6.410000e+00 -6.000000e-01
1.100000e-01 4.050000e+00 -1.020000e+00
1.000000e-02 -7.400000e-01 -2.000000e-02
-1.130000e+00 -6.300000e+00 -9.000000e-02
2.500000e-01 -4.660000e+00 -1.800000e-01
-2.800000e-01 -1.330000e+00 -5.000000e-02
-1.500000e-01 1.380000e+00 -3.500000e-01
4.400000e-01 5.380000e+00 -2.300000e-01
1.600000e-01 5.810000e+00 -1.900000e-01
-5.200000e-01 4.400000e+00 -4.900000e-01
-1.700000e-01 -1.240000e+00 1.400000e-01
-8.000000e-02 -3.690000e+00 -4.900000e-01
-2.510000e+00 -4.070000e+00 -2.500000e-01
1.350000e+00 -1.360000e+00 -1.070000e+00
7.100000e-01 1.400000e-01 -2.300000e-01
5.100000e-01 4.190000e+00 -2.500000e-01
7.000000e-02 5.220000e+00 -2.600000e-01
-8.000000e-02 6.190000e+00 -3.200000e-01
-2.700000e-01 3.740000e+00 -2.200000e-01
-2.500000e-01 -4.500000e-01 -2.100000e-01
-9.100000e-01 -4.920000e+00 -2.400000e-01
-2.500000e-01 -5.130000e+00 -1.570000e+00
-7.100000e-01 -1.250000e+00 -3.100000e-01
1.090000e+00 6.900000e-01 -5.700000e-01
2.900000e-01 4.970000e+00 -1.500000e-01
3.200000e-01 5.980000e+00 -1.900000e-01
-1.000000e-02 5.530000e+00 -1.500000e-01
-6.300000e-01 3.510000e+00 -2.800000e-01
3.100000e-01 -2.720000e+00 -4.300000e-01
-4.800000e-01 -6.240000e+00 -2.100000e-01
-2.900000e-01 -4.390000e+00 -2.200000e-01
-3.500000e-01 -1.360000e+00 6.000000e-02
6.100000e-01 3.360000e+00 -3.000000e-01
9.600000e-01 5.510000e+00 -5.000000e-01
3.900000e-01 6.360000e+00 -1.600000e-01
3.100000e-01 4.640000e+00 -2.500000e-01
-6.000000e-02 1.370000e+00 -2.000000e-01
-5.000000e-01 -3.810000e+00 -6.000000e-02
-3.700000e-01 -2.050000e+00 -1.700000e-01
-5.500000e-01 -3.630000e+00 -1.900000e-01
3.700000e-01 2.500000e-01 -2.600000e-01
4.600000e-01 4.100000e+00 -2.800000e-01
-6.300000e-01 5.510000e+00 -3.800000e-01
5.600000e-01 6.060000e+00 6.000000e-02
1.000000e-02 2.920000e+00 -1.100000e-01
2.300000e-01 -1.970000e+00 -3.800000e-01
-1.040000e+00 -4.820000e+00 -1.500000e-01
4.700000e-01 -2.860000e+00 4.000000e-02
-3.400000e-01 -3.090000e+00 1.270000e+00
-4.000000e-01 1.220000e+00 -3.700000e-01
1.360000e+00 6.150000e+00 1.500000e-01
-5.500000e-01 4.720000e+00 -7.200000e-01
-2.000000e-02 5.910000e+00 -2.500000e-01
-2.000000e-02 1.770000e+00 -8.000000e-02
2.000000e-02 -3.040000e+00 -1.400000e-01
-1.800000e-01 -6.090000e+00 1.400000e-01
2.200000e-01 -4.320000e+00 -1.700000e-01
-7.000000e-01 -9.700000e-01 0.000000e+00
-4.000000e-02 2.640000e+00 -1.600000e-01
9.100000e-01 7.010000e+00 -2.700000e-01
-9.100000e-01 6.800000e+00 -7.000000e-02
4.000000e-02 3.310000e+00 -1.900000e-01
-3.600000e-01 -9.400000e-01 -1.500000e-01
-4.600000e-01 -2.670000e+00 -3.900000e-01
-6.200000e-01 -1.780000e+00 3.200000e-01
3.900000e-01 -2.330000e+00 4.000000e-01
-1.400000e+00 -1.600000e-01 -6.900000e-01
-5.600000e-01 2.080000e+00 -2.200000e-01
-2.100000e-01 5.320000e+00 -2.900000e-01
5.700000e-01 6.180000e+00 -2.500000e-01
1.100000e-01 3.640000e+00 -3.200000e-01
2.000000e-02 -2.680000e+00 6.000000e-02
-4.000000e-01 -5.840000e+00 -8.000000e-02
-4.000000e-02 -4.500000e+00 -2.400000e-01
-6.500000e-01 -7.400000e-01 -3.500000e-01
2.700000e-01 2.940000e+00 -1.500000e-01
2.700000e-01 7.070000e+00 -2.700000e-01
-8.300000e-01 6.820000e+00 -5.100000e-01
3.800000e-01 4.700000e+00 -2.500000e-01
-5.800000e-01 -1.070000e+00 3.200000e-01
8.000000e-02 -4.320000e+00 -1.900000e-01
-9.300000e-01 -6.190000e+00 4.000000e-02
-5.700000e-01 -1.870000e+00 9.700000e-01
1.800000e-01 5.400000e-01 -2.300000e-01
3.500000e-01 3.290000e+00 -1.900000e-01
2.900000e-01 6.980000e+00 -2.800000e-01
6.700000e-01 7.430000e+00 -2.600000e-01
1.100000e-01 4.380000e+00 -2.400000e-01
3.400000e-01 -9.900000e-01 -2.700000e-01
-8.700000e-01 -7.030000e+00 -8.000000e-02
-3.600000e-01 -4.450000e+00 -3.000000e-01
-1.300000e-01 -1.080000e+00 6.000000e-02
-4.600000e-01 9.100000e-01 -2.000000e-02
3.100000e-01 6.030000e+00 -9.000000e-02
-7.900000e-01 6.740000e+00 -4.800000e-01
-1.000000e-01 5.480000e+00 -1.110000e+00
-1.300000e-01 9.800000e-01 -2.200000e-01
-9.600000e-01 -4.600000e+00 6.000000e-02
5.700000e-01 -5.380000e+00 -2.000000e-02
-4.600000e-01 -4.290000e+00 -5.000000e-02
-9.700000e-01 -7.200000e-01 -1.900000e-01
2.200000e-01 3.440000e+00 -1.100000e-01
6.000000e-01 6.980000e+00 -1.900000e-01
-2.310000e+00 5.660000e+00 -4.100000e-01
5.800000e-01 5.300000e+00 -3.400000e-01
3.100000e-01 -5.000000e-02 -1.300000e-01
-2.300000e-01 -4.660000e+00 -2.300000e-01
4.400000e-01 -1.100000e+00 1.500000e-01
-3.800000e-01 -2.590000e+00 -1.000000e-02
-3.900000e-01 -4.800000e-01 0.000000e+00
5.500000e-01 3.350000e+00 -1.800000e-01
8.600000e-01 4.670000e+00 -3.200000e-01
1.380000e+00 6.700000e+00 -2.900000e-01
2.700000e-01 5.040000e+00 -1.900000e-01
1.200000e-01 1.970000e+00 2.600000e-01
-3.000000e-01 -4.550000e+00 -2.000000e-01
-1.140000e+00 -2.230000e+00 6.700000e-01
-2.600000e-01 -2.550000e+00 6.000000e-02
-9.000000e-02 -1.300000e-01 -3.200000e-01
7.300000e-01 4.690000e+00 -2.400000e-01
4.100000e-01 6.340000e+00 -2.300000e-01
-5.000000e-02 7.760000e+00 -1.800000e-01
2.600000e-01 3.050000e+00 -1.000000e-02
-6.300000e-01 -1.360000e+00 -4.900000e-01
-4.500000e-01 -5.230000e+00 1.000000e-02
-2.100000e-01 -5.200000e+00 5.800000e-01
-8.000000e-02 -1.910000e+00 -2.800000e-01
1.400000e-01 4.800000e-01 -2.600000e-01
5.700000e-01 4.760000e+00 -2.900000e-01
-6.000000e-02 7.120000e+00 -2.100000e-01
3.300000e-01 6.990000e+00 -1.600000e-01
1.600000e-01 4.010000e+00 -2.300000e-01
-5.100000e-01 -2.100000e+00 -5.500000e-01
-9.700000e-01 -4.940000e+00 -1.600000e-01
-2.400000e-01 -4.410000e+00 7.600000e-01
-5.200000e-01 -1.030000e+00 -4.900000e-01
-5.100000e-01 7.700000e-01 -1.000000e-02
4.800000e-01 4.460000e+00 -1.800000e-01
-1.300000e-01 7.290000e+00 -2.900000e-01
-1.000000e-02 6.720000e+00 -5.000000e-02
-9.000000e-02 3.230000e+00 -2.300000e-01
6.000000e-02 -2.810000e+00 -2.100000e-01
-7.400000e-01 -4.590000e+00 -1.000000e-01
3.000000e-02 -3.190000e+00 -3.600000e-01
-5.200000e-01 -1.530000e+00 -5.500000e-01
-3.900000e-01 9.300000e-01 0.000000e+00
5.500000e-01 4.250000e+00 -8.000000e-02
6.000000e-02 5.500000e+00 -2.300000e-01
-5.700000e-01 7.420000e+00 -2.700000e-01
5.100000e-01 4.740000e+00 -3.800000e-01
0.000000e+00 7.000000e-02 -1.600000e-01
-1.300000e+00 -3.640000e+00 -1.900000e-01
-6.000000e-01 -4.670000e+00 1.600000e-01
4.500000e-01 -3.240000e+00 -6.000000e-02
1.600000e-01 -7.300000e-01 -2.800000e-01
1.400000e-01 1.630000e+00 -2.200000e-01
1.190000e+00 5.590000e+00 -2.000000e-01
-1.310000e+00 5.720000e+00 -6.600000e-01
8.200000e-01 6.960000e+00 5.000000e-02
-8.900000e-01 2.440000e+00 -3.000000e-01
-1.450000e+00 -3.560000e+00 -1.400000e-01
0.000000e+00 -5.330000e+00 -1.200000e-01
-9.000000e-02 -2.920000e+00 -2.000000e-01
-2.600000e-01 -4.400000e-01 -7.000000e-02
1.300000e-01 1.940000e+00 -1.300000e-01
2.800000e-01 4.540000e+00 -1.800000e-01
1.000000e-01 4.820000e+00 -4.000000e-01
-1.100000e-01 6.520000e+00 -1.300000e-01
-7.700000e-01 2.380000e+00 8.200000e-01
7.100000e-01 -5.700000e+00 1.200000e-01
7.000000e-02 -4.220000e+00 4.400000e-01
1.700000e-01 -3.730000e+00 -2.600000e-01
-2.100000e-01 2.900000e-01 -1.600000e-01
1.100000e-01 6.010000e+00 -1.400000e-01
4.000000e-01 6.130000e+00 -2.700000e-01
1.800000e-01 6.680000e+00 -1.500000e-01
-4.000000e-02 3.850000e+00 -2.900000e-01
-4.100000e-01 -3.040000e+00 -1.900000e-01
-8.400000e-01 -7.690000e+00 -2.500000e-01
-8.000000e-02 -3.660000e+00 -3.400000e-01
-1.500000e-01 -9.100000e-01 -4.100000e-01
3.600000e-01 2.540000e+00 -3.000000e-01
7.000000e-02 6.240000e+00 -1.900000e-01
-3.100000e-01 6.170000e+00 -1.600000e-01
-1.200000e-01 4.250000e+00 -7.000000e-02
-1.000000e-01 -6.600000e-01 -3.500000e-01
2.400000e-01 -6.050000e+00 -2.000000e-02
-4.000000e-02 -5.440000e+00 -1.400000e-01
-6.500000e-01 -1.750000e+00 -4.000000e-02
-1.030000e+00 -1.020000e+00 -1.400000e-01
6.000000e-01 3.510000e+00 -5.400000e-01
1.280000e+00 7.480000e+00 -2.200000e-01
-2.000000e-02 6.370000e+00 -2.200000e-01
-1.500000e-01 2.340000e+00 -3.300000e-01
2.900000e-01 -3.050000e+00 -2.200000e-01
-7.900000e-01 -5.100000e+00 -1.200000e-01
1.400000e-01 -4.530000e+00 -5.100000e-01
-4.700000e-01 -2.180000e+00 -2.200000e-01
4.700000e-01 2.680000e+00 -3.000000e-01
1.200000e-01 7.080000e+00 -3.300000e-01
1.680000e+00 7.370000e+00 7.000000e-02
8.000000e-02 6.030000e+00 -2.200000e-01
-8.600000e-01 4.900000e-01 -4.000000e-02
-4.000000e-01 -5.580000e+00 1.600000e-01
1.700000e-01 -4.750000e+00 6.000000e-02
-1.000000e-02 -3.680000e+00 -2.600000e-01
-9.000000e-02 -1.110000e+00 -3.200000e-01
-1.200000e-01 1.620000e+00 -1.500000e-01
9.000000e-02 8.000000e+00 -2.300000e-01
6.000000e-01 7.220000e+00 2.800000e-01
-3.200000e-01 4.500000e+00 -3.900000e-01
-9.900000e-01 1.400000e-01 -7.000000e-02
6.000000e-02 -4.890000e+00 3.000000e-02
-8.000000e-02 4.100000e-01 1.300000e-01
-2.400000e-01 -4.540000e+00 -2.100000e-01
-6.000000e-01 -1.660000e+00 -3.500000e-01
1.520000e+00 1.180000e+00 -2.900000e-01
9.700000e-01 7.350000e+00 -1.000000e-01
-1.570000e+00 5.180000e+00 -1.900000e-01
-7.000000e-01 5.510000e+00 -3.800000e-01
7.100000e-01 2.730000e+00 -4.500000e-01
5.800000e-01 -4.330000e+00 -1.000000e-01
-1.240000e+00 -7.400000e+00 -1.800000e-01
-4.000000e-02 -4.330000e+00 -2.200000e-01
-2.800000e-01 -1.450000e+00 -1.900000e-01
-9.600000e-01 2.110000e+00 -4.200000e-01
2.200000e-01 7.070000e+00 -2.100000e-01
1.100000e-01 6.880000e+00 -1.000000e-01
-8.700000e-01 4.170000e+00 1.800000e-01
1.070000e+00 2.420000e+00 -2.100000e-01
-4.500000e-01 -4.840000e+00 1.600000e-01
-1.560000e+00 -6.540000e+00 -1.600000e-01
-8.700000e-01 -4.680000e+00 -3.000000e-02
-4.100000e-01 -1.480000e+00 6.300000e-01
-3.900000e-01 3.700000e+00 6.000000e-01
4.500000e-01 6.610000e+00 -1.500000e-01
-3.500000e-01 6.610000e+00 3.000000e-01
5.400000e-01 5.620000e+00 -3.600000e-01
-4.600000e-01 2.900000e-01 -1.500000e-01
-1.060000e+00 -4.890000e+00 -2.100000e-01
-3.300000e-01 -5.610000e+00 6.000000e-02
-8.100000e-01 -4.360000e+00 -1.200000e-01
-2.700000e-01 -1.880000e+00 -3.000000e-01
-6.800000e-01 2.800000e+00 -1.500000e-01
1.020000e+00 7.410000e+00 -2.600000e-01
-2.700000e-01 6.070000e+00 -5.800000e-01
5.900000e-01 4.600000e+00 -2.600000e-01
-6.100000e-01 6.400000e-01 -5.000000e-02
-5.200000e-01 -2.320000e+00 -4.300000e-01
-7.100000e-01 -3.880000e+00 -2.500000e-01
-6.000000e-01 -5.800000e+00 3.100000e-01
-1.900000e-01 -2.930000e+00 -6.000000e-02
-4.300000e-01 1.060000e+00 -2.000000e-02
1.720000e+00 7.230000e+00 -4.400000e-01
3.970000e+00 7.010000e+00 -2.000000e-02
-7.000000e-02 5.770000e+00 -4.700000e-01
-1.000000e+00 1.050000e+00 1.900000e-01
-2.300000e-01 -5.130000e+00 1.500000e-01
-8.200000e-01 -3.360000e+00 2.000000e-01
-3.200000e-01 -3.270000e+00 1.200000e-01
-2.900000e-01 -3.000000e-02 -3.200000e-01
3.600000e-01 5.810000e+00 -2.300000e-01
7.900000e-01 6.450000e+00 -4.100000e-01
0.000000e+00 6.900000e+00 -3.000000e-01
-5.000000e-02 3.680000e+00 -2.800000e-01
7.000000e-02 -2.130000e+00 1.000000e-02
-2.300000e-01 -6.640000e+00 4.000000e-02
-4.100000e-01 -5.890000e+00 -3.100000e-01
-5.800000e-01 -2.790000e+00 -3.900000e-01
-1.000000e-01 2.210000e+00 -2.700000e-01
-4.200000e-01 5.620000e+00 -3.700000e-01
2.060000e+00 5.530000e+00 -7.800000e-01
2.300000e-01 6.740000e+00 -3.300000e-01
-4.900000e-01 5.600000e-01 -2.100000e-01
-6.100000e-01 -5.340000e+00 -5.000000e-02
-8.600000e-01 -2.380000e+00 6.100000e-01
-4.400000e-01 -2.820000e+00 -8.000000e-02
-2.700000e-01 -7.500000e-01 -3.500000e-01
5.700000e-01 4.070000e+00 -2.300000e-01
3.300000e-01 5.760000e+00 -2.800000e-01
-6.800000e-01 5.950000e+00 -2.100000e-01
-2.800000e-01 4.470000e+00 -3.500000e-01
-6.000000e-02 1.250000e+00 -7.000000e-02
-4.000000e-01 -4.220000e+00 -5.700000e-01
-9.200000e-01 -6.110000e+00 -2.500000e-01
-2.600000e-01 -3.550000e+00 -1.800000e-01
-1.800000e-01 -1.270000e+00 -2.600000e-01
1.900000e-01 3.010000e+00 -2.600000e-01
4.000000e-01 5.510000e+00 -1.900000e-01
2.220000e+00 6.010000e+00 -1.600000e-01
2.800000e-01 5.260000e+00 -3.900000e-01
-1.400000e-01 2.230000e+00 -2.900000e-01
0.000000e+00 -4.770000e+00 -3.200000e-01
-1.290000e+00 -5.950000e+00 -2.400000e-01
-3.500000e-01 -4.410000e+00 -2.200000e-01
-1.100000e+00 -6.600000e-01 -2.600000e-01
1.600000e-01 3.230000e+00 -2.800000e-01
2.200000e-01 7.620000e+00 -2.600000e-01
-1.190000e+00 6.000000e+00 -2.300000e-01
7.100000e-01 3.760000e+00 -1.500000e-01
1.000000e-01 -1.980000e+00 -2.000000e-01
-4.200000e-01 -6.350000e+00 -1.400000e-01
1.100000e+00 -4.300000e+00 3.200000e-01
-1.680000e+00 -1.660000e+00 -2.700000e-01
2.600000e-01 2.770000e+00 -8.500000e-01
8.000000e-02 4.790000e+00 -2.900000e-01
5.500000e-01 5.570000e+00 -7.200000e-01
-2.700000e-01 3.980000e+00 -3.400000e-01
-7.200000e-01 2.460000e+00 -2.900000e-01
-8.500000e-01 -2.660000e+00 0.000000e+00
-9.200000e-01 -5.180000e+00 -2.000000e-01
-9.400000e-01 -4.140000e+00 1.500000e-01
5.000000e-01 -1.720000e+00 -3.000000e-02
1.590000e+00 1.880000e+00 4.500000e-01
7.600000e-01 4.640000e+00 -1.600000e-01
3.300000e-01 5.660000e+00 8.200000e-01
7.000000e-01 4.900000e+00 3.000000e-02
-3.800000e-01 1.300000e+00 -5.000000e-02
-1.000000e+00 -3.740000e+00 -2.300000e-01
-2.700000e-01 -5.160000e+00 -2.000000e-01
-3.300000e-01 -3.100000e+00 -2.600000e-01
-7.800000e-01 -1.310000e+00 -2.000000e-01
1.400000e-01 1.630000e+00 1.800000e-01
5.300000e-01 8.190000e+00 -1.500000e-01
-9.100000e-01 6.770000e+00 -2.600000e-01
1.250000e+00 6.890000e+00 -8.000000e-02
-1.070000e+00 -1.270000e+00 -2.800000e-01
-7.300000e-01 -6.990000e+00 -3.000000e-01
2.700000e-01 -5.000000e+00 2.900000e-01
-1.610000e+00 -2.870000e+00 -3.600000e-01
5.200000e-01 1.830000e+00 -6.000000e-02
5.800000e-01 5.230000e+00 -3.100000e-01
-1.160000e+00 5.510000e+00 -7.300000e-01
2.400000e-01 6.150000e+00 -1.000000e-01
-3.600000e-01 1.190000e+00 -2.700000e-01
6.000000e-02 -1.450000e+00 -4.400000e-01
-4.400000e-01 -4.080000e+00 -2.100000e-01
-7.000000e-02 -6.170000e+00 -1.100000e+00
-1.070000e+00 -1.910000e+00 -1.800000e-01
-3.000000e-01 -6.000000e-02 -1.500000e-01
1.020000e+00 5.740000e+00 -1.400000e-01
-1.900000e-01 5.660000e+00 -3.000000e-01
7.000000e-01 6.030000e+00 -2.200000e-01
-1.200000e-01 3.180000e+00 -2.200000e-01
-7.800000e-01 -2.700000e+00 -4.400000e-01
-8.300000e-01 -5.850000e+00 -1.400000e-01
-2.200000e-01 -4.630000e+00 -7.100000e-01
-9.700000e-01 -1.000000e+00 -1.000000e-01
-5.100000e-01 1.880000e+00 -2.900000e-01
9.000000e-01 6.200000e+00 -2.000000e-01
1.090000e+00 6.510000e+00 1.400000e-01
4.800000e-01 6.300000e+00 -1.700000e-01
-4.800000e-01 1.200000e+00 -1.900000e-01
3.900000e-01 -3.820000e+00 -1.600000e-01
-3.800000e-01 -5.120000e+00 -1.000000e-01
-1.000000e+00 -5.610000e+00 -1.400000e-01
-3.200000e-01 -7.200000e-01 -8.000000e-02
-2.900000e-01 3.010000e+00 -4.000000e-01
6.200000e-01 5.630000e+00 -1.100000e-01
8.200000e-01 4.440000e+00 -1.600000e-01
1.700000e-01 5.670000e+00 -1.100000e-01
2.800000e-01 2.030000e+00 -1.100000e-01
-5.000000e-02 -3.130000e+00 -2.600000e-01
-1.420000e+00 -6.230000e+00 -2.000000e-01
0.000000e+00 -3.730000e+00 -3.000000e-02
-9.100000e-01 -7.100000e-01 -2.100000e-01
1.310000e+00 3.890000e+00 -1.400000e-01
8.400000e-01 6.150000e+00 -2.800000e-01
-1.680000e+00 6.100000e+00 -3.800000e-01
3.700000e-01 4.740000e+00 -3.400000e-01
-7.000000e-01 2.900000e-01 -8.000000e-02
-6.800000e-01 -4.540000e+00 -3.500000e-01
-5.800000e-01 -2.050000e+00 2.700000e-01
-7.600000e-01 -2.290000e+00 -1.900000e-01
-3.200000e-01 -1.000000e-01 -5.000000e-02
3.900000e-01 4.590000e+00 -2.900000e-01
4.900000e-01 6.570000e+00 -1.700000e-01
-2.400000e-01 7.190000e+00 -1.500000e-01
-1.070000e+00 2.930000e+00 -3.300000e-01
-6.400000e-01 -6.600000e-01 -2.200000e-01
-5.600000e-01 -5.760000e+00 -3.100000e-01
-1.420000e+00 -6.560000e+00 -4.000000e-01
4.200000e-01 -3.120000e+00 -1.300000e-01
8.000000e-02 4.200000e-01 -2.500000e-01
4.600000e-01 4.440000e+00 -1.800000e-01
6.300000e-01 6.690000e+00 -2.400000e-01
-1.500000e+00 7.190000e+00 -1.400000e-01
5.000000e-01 3.630000e+00 -4.500000e-01
-4.400000e-01 -1.080000e+00 -3.800000e-01
-9.800000e-01 -4.880000e+00 2.600000e-01
-1.030000e+00 -5.890000e+00 -2.500000e-01
-1.410000e+00 -1.800000e+00 9.000000e-02
1.200000e-01 8.800000e-01 -2.600000e-01
4.100000e-01 3.990000e+00 -2.800000e-01
4.800000e-01 6.820000e+00 -1.000000e-01
4.000000e-01 5.990000e+00 -4.600000e-01
6.200000e-01 2.930000e+00 -3.800000e-01
-4.800000e-01 -6.500000e-01 -3.500000e-01
-1.160000e+00 -5.110000e+00 -3.100000e-01
-1.630000e+00 -6.110000e+00 -9.200000e-01
-6.800000e-01 -2.340000e+00 -6.000000e-02
4.000000e-01 1.130000e+00 -2.500000e-01
6.400000e-01 4.510000e+00 -3.900000e-01
7.200000e-01 6.430000e+00 -1.600000e-01
-6.900000e-01 6.440000e+00 -1.800000e-01
3.100000e-01 2.820000e+00 -9.000000e-02
-9.000000e-02 -6.600000e-01 -1.100000e-01
-4.400000e-01 -2.310000e+00 -3.900000e-01
2.500000e-01 1.000000e-02 2.600000e-01
-3.600000e-01 -4.470000e+00 -4.100000e-01
-3.400000e-01 2.800000e-01 -2.100000e-01
-4.000000e-02 4.780000e+00 -2.500000e-01
7.800000e-01 6.100000e+00 -2.300000e-01
-3.800000e-01 6.010000e+00 -2.100000e-01
6.300000e-01 4.850000e+00 -1.200000e-01
-4.000000e-01 1.420000e+00 -3.000000e-02
-2.600000e-01 -4.890000e+00 -2.200000e-01
-1.020000e+00 -6.660000e+00 -8.000000e-02
-3.200000e-01 -3.600000e+00 -1.800000e-01
-4.000000e-02 -4.100000e-01 -4.600000e-01
-1.000000e-02 2.810000e+00 0.000000e+00
5.500000e-01 7.980000e+00 -6.000000e-02
-1.360000e+00 6.060000e+00 -3.200000e-01
6.000000e-02 6.620000e+00 -2.300000e-01
-6.700000e-01 1.030000e+00 -2.600000e-01
-2.900000e-01 -5.840000e+00 -2.000000e-01
-4.000000e-02 -2.540000e+00 -3.800000e-01
-8.600000e-01 -2.730000e+00 -1.300000e-01
-4.600000e-01 -1.500000e-01 -2.000000e-01
5.700000e-01 3.990000e+00 -2.500000e-01
7.700000e-01 6.260000e+00 -6.000000e-02
-3.600000e-01 6.180000e+00 -1.300000e-01
-2.000000e-01 6.060000e+00 -1.500000e-01
-4.000000e-02 1.090000e+00 -2.700000e-01
-5.400000e-01 -4.120000e+00 -4.000000e-02
-1.140000e+00 -5.980000e+00 -1.300000e-01
-5.000000e-01 -4.740000e+00 -1.100000e-01
-6.400000e-01 -7.800000e-01 -4.200000e-01
-1.600000e-01 3.830000e+00 -9.000000e-02
1.190000e+00 7.250000e+00 -1.600000e-01
-1.150000e+00 6.590000e+00 -1.400000e-01
3.400000e-01 4.950000e+00 -3.900000e-01
-8.200000e-01 2.000000e-02 -1.700000e-01
-8.500000e-01 -6.190000e+00 1.000000e-01
-7.300000e-01 -5.110000e+00 -3.000000e+00
7.000000e-02 -2.200000e+00 1.600000e-01
-4.100000e-01 9.100000e-01 -1.300000e-01
5.800000e-01 5.160000e+00 -1.300000e-01
5.000000e-01 6.660000e+00 -3.300000e-01
-2.400000e-01 6.690000e+00 -1.400000e-01
-7.000000e-02 4.230000e+00 -1.600000e-01
-6.000000e-01 -5.800000e-01 -1.500000e-01
-5.100000e-01 -5.590000e+00 -9.000000e-02
-6.100000e-01 -4.960000e+00 -1.270000e+00
-8.900000e-01 -2.660000e+00 -2.500000e-01
1.100000e-01 5.000000e-01 -2.500000e-01
4.200000e-01 4.030000e+00 -2.400000e-01
5.000000e-01 7.000000e+00 -1.900000e-01
-5.400000e-01 6.900000e+00 -1.700000e-01
5.400000e-01 5.090000e+00 -3.800000e-01
-5.000000e-01 -9.500000e-01 -1.400000e-01
-1.000000e+00 -5.730000e+00 -1.900000e-01
-6.900000e-01 -5.220000e+00 3.800000e-01
-1.320000e+00 -2.190000e+00 -1.400000e-01
2.800000e-01 3.200000e-01 3.000000e-02
2.900000e-01 6.060000e+00 -1.900000e-01
-4.100000e-01 6.520000e+00 -2.200000e-01
8.300000e-01 9.090000e+00 2.000000e-02
-1.130000e+00 2.720000e+00 -1.600000e-01
-6.900000e-01 -3.260000e+00 -1.300000e-01
-3.700000e-01 -7.330000e+00 -2.000000e-01
-9.100000e-01 -4.420000e+00 -2.000000e-02
-1.210000e+00 -2.030000e+00 -1.600000e-01
5.000000e-02 1.480000e+00 -3.300000e-01
1.280000e+00 7.780000e+00 5.800000e-01
2.110000e+00 6.260000e+00 -1.300000e-01
4.400000e-01 5.600000e+00 -1.300000e-01
-1.700000e-01 1.300000e+00 -2.400000e-01
-8.100000e-01 -3.140000e+00 -1.900000e-01
-1.650000e+00 -4.540000e+00 -7.000000e-02
-1.200000e+00 -5.950000e+00 -2.600000e-01
-1.020000e+00 -1.180000e+00 -3.600000e-01
5.900000e-01 4.500000e+00 -8.000000e-02
1.500000e-01 7.210000e+00 -2.400000e-01
-7.200000e-01 5.990000e+00 7.200000e-01
-5.600000e-01 7.120000e+00 -2.800000e-01
1.000000e-01 7.000000e-01 -6.000000e-02
-1.230000e+00 -5.870000e+00 -2.100000e-01
1.000000e-02 -1.920000e+00 1.110000e+00
-9.600000e-01 -5.150000e+00 -8.000000e-02
-2.900000e-01 4.900000e-01 2.200000e-01
9.600000e-01 5.120000e+00 -1.500000e-01
4.900000e-01 6.580000e+00 -1.700000e-01
-8.900000e-01 7.030000e+00 -1.600000e-01
6.100000e-01 5.760000e+00 -6.100000e-01
-2.100000e-01 2.190000e+00 -3.100000e-01
-4.700000e-01 -5.050000e+00 -8.000000e-02
-9.100000e-01 -6.240000e+00 -1.500000e-01
-4.200000e-01 -3.930000e+00 -8.000000e-02
-6.200000e-01 -1.440000e+00 4.000000e-02
-7.100000e-01 2.530000e+00 -1.400000e-01
4.000000e-01 8.450000e+00 2.000000e-02
-6.800000e-01 7.260000e+00 -7.800000e-01
-1.750000e+00 4.880000e+00 -3.100000e-01
-2.000000e-02 -1.200000e-01 -2.500000e-01
-7.200000e-01 -4.610000e+00 -1.800000e-01
5.100000e-01 -1.550000e+00 5.600000e-01
-1.010000e+00 -4.350000e+00 -6.000000e-02
-8.200000e-01 -9.900000e-01 -6.900000e-01
8.100000e-01 4.540000e+00 -2.100000e-01
7.400000e-01 6.960000e+00 -1.700000e-01
-6.200000e-01 6.260000e+00 -3.100000e-01
-4.000000e-02 5.170000e+00 -2.800000e-01
-8.400000e-01 1.470000e+00 -1.000000e-02
-9.600000e-01 -4.930000e+00 -3.000000e-01
-2.400000e-01 -7.700000e-01 1.010000e+00
-7.700000e-01 -3.020000e+00 -1.300000e-01
9.000000e-02 -1.270000e+00 -6.400000e-01
6.200000e-01 4.360000e+00 -3.500000e-01
1.150000e+00 7.060000e+00 -1.100000e-01
-9.000000e-01 6.480000e+00 -1.800000e-01
-5.700000e-01 4.060000e+00 -1.900000e-01
3.700000e-01 -7.800000e-01 -2.000000e-02
-1.290000e+00 -5.850000e+00 -2.000000e-01
-9.700000e-01 -4.750000e+00 -1.000000e-01
-8.300000e-01 -1.980000e+00 -1.700000e-01
-1.500000e+00 5.100000e-01 -3.500000e-01
1.440000e+00 7.830000e+00 1.200000e-01
1.500000e-01 5.860000e+00 -1.800000e-01
-6.200000e-01 7.500000e+00 -2.200000e-01
3.300000e-01 4.760000e+00 -2.300000e-01
-4.800000e-01 -1.210000e+00 -6.600000e-01
-8.300000e-01 -7.040000e+00 -5.000000e-02
-3.400000e-01 -5.480000e+00 -5.000000e-02
-2.100000e-01 -4.700000e-01 -5.600000e-01
-5.900000e-01 2.650000e+00 -3.100000e-01
-1.300000e-01 6.370000e+00 -3.400000e-01
-1.820000e+00 4.870000e+00 -5.700000e-01
-1.100000e-01 6.670000e+00 6.000000e-02
2.100000e-01 4.300000e+00 -2.100000e-01
2.000000e-01 -1.030000e+00 -3.100000e-01
-8.200000e-01 -5.940000e+00 -1.200000e-01
-6.700000e-01 -4.030000e+00 -9.000000e-02
-5.000000e-01 -2.040000e+00 -3.000000e-01
-5.000000e-01 2.170000e+00 -4.000000e-02
9.000000e-02 5.000000e+00 -1.600000e-01
1.360000e+00 6.860000e+00 -4.500000e-01
-3.100000e-01 6.410000e+00 -1.600000e-01
3.200000e-01 2.540000e+00 -1.100000e-01
-3.800000e-01 -1.930000e+00 -7.900000e-01
-7.800000e-01 -5.270000e+00 3.000000e-02
-9.200000e-01 -4.870000e+00 6.000000e-02
-3.200000e-01 -1.670000e+00 -1.000000e-02
2.300000e-01 9.900000e-01 -4.100000e-01
5.000000e-02 5.140000e+00 -1.000000e-02
2.800000e-01 7.060000e+00 -2.100000e-01
5.000000e-02 7.600000e+00 8.000000e-02
-2.700000e-01 3.940000e+00 -3.200000e-01
-4.900000e-01 -6.500000e-01 -1.700000e-01
-9.200000e-01 -4.970000e+00 -1.000000e-02
-2.900000e-01 -4.690000e+00 -5.500000e-01
-9.900000e-01 -3.120000e+00 1.500000e-01
-1.090000e+00 -1.100000e-01 -3.900000e-01
9.900000e-01 5.630000e+00 -2.600000e-01
1.010000e+00 7.800000e+00 -1.800000e-01
-8.000000e-02 8.470000e+00 -4.200000e-01
-1.100000e-01 4.450000e+00 -2.300000e-01
2.500000e-01 -1.570000e+00 -3.100000e-01
-1.170000e+00 -6.140000e+00 -7.000000e-02
-2.050000e+00 -5.700000e+00 2.000000e-01
-1.250000e+00 -1.670000e+00 -2.000000e-01
-4.100000e-01 8.000000e-02 -2.900000e-01
1.050000e+00 5.830000e+00 -7.000000e-02
5.000000e-01 6.990000e+00 -1.100000e-01
-1.170000e+00 5.690000e+00 -4.600000e-01
-3.800000e-01 3.290000e+00 -3.800000e-01
-3.500000e-01 9.600000e-01 1.000000e-01
-7.600000e-01 -2.840000e+00 -2.200000e-01
-1.200000e+00 -3.120000e+00 1.000000e-02
-5.700000e-01 -3.410000e+00 -4.500000e-01
-9.100000e-01 -8.300000e-01 -2.300000e-01
0.000000e+00 1.260000e+00 1.100000e-01
2.000000e-01 3.810000e+00 -2.900000e-01
8.300000e-01 7.910000e+00 -1.900000e-01
-3.000000e-01 3.530000e+00 -1.200000e-01
3.500000e-01 4.490000e+00 -1.700000e-01
-2.400000e-01 1.330000e+00 -1.700000e-01
-7.500000e-01 -3.590000e+00 -2.000000e-01
-2.600000e-01 -1.000000e+00 4.000000e-01
-1.150000e+00 -2.970000e+00 -1.000000e-01
-5.000000e-01 1.260000e+00 -2.100000e-01
5.900000e-01 4.780000e+00 0.000000e+00
4.300000e-01 6.130000e+00 -1.000000e-01
-9.700000e-01 5.900000e+00 -1.700000e-01
5.700000e-01 4.250000e+00 -1.400000e-01
-7.100000e-01 2.410000e+00 -1.000000e-01
-3.400000e-01 -1.780000e+00 -2.600000e-01
-1.140000e+00 -3.750000e+00 -1.500000e-01
-9.200000e-01 -3.090000e+00 -1.800000e-01
-1.050000e+00 -1.680000e+00 -1.200000e-01
4.000000e-02 1.700000e-01 -1.700000e-01
5.700000e-01 4.490000e+00 -1.900000e-01
8.100000e-01 7.130000e+00 -1.100000e-01
-2.000000e-02 6.730000e+00 -1.300000e-01
3.900000e-01 5.250000e+00 -1.500000e-01
-5.800000e-01 1.200000e-01 3.000000e-02
-1.530000e+00 -4.680000e+00 -6.000000e-02
-3.400000e-01 -2.720000e+00 2.400000e-01
-6.100000e-01 -2.630000e+00 0.000000e+00
-1.000000e-02 7.300000e-01 -3.300000e-01
-4.900000e-01 2.810000e+00 -6.000000e-02
6.000000e-02 6.600000e+00 -9.000000e-02
1.100000e-01 7.310000e+00 -7.000000e-02
-1.000000e-02 5.290000e+00 -3.300000e-01
-9.400000e-01 2.100000e+00 -6.000000e-02
4.800000e-01 -2.190000e+00 -3.000000e-02
-6.700000e-01 -3.920000e+00 -1.400000e-01
-2.900000e-01 -2.850000e+00 -2.700000e-01
-9.300000e-01 -6.100000e-01 1.000000e-01
-1.280000e+00 8.100000e-01 -5.300000e-01
1.180000e+00 5.160000e+00 -2.200000e-01
2.600000e-01 6.390000e+00 -6.000000e-02
-1.850000e+00 7.260000e+00 3.000000e-02
6.000000e-02 4.150000e+00 -1.400000e-01
-2.500000e-01 1.490000e+00 0.000000e+00
6.000000e-02 -2.320000e+00 -3.400000e-01
-1.860000e+00 -4.500000e+00 1.200000e-01
-9.600000e-01 -3.560000e+00 -1.500000e-01
-6.700000e-01 -7.000000e-01 -3.500000e-01
2.000000e-01 2.970000e+00 -1.500000e-01
-3.400000e-01 6.100000e+00 -1.400000e-01
4.500000e-01 3.650000e+00 -3.800000e-01
-8.400000e-01 6.160000e+00 -2.000000e-01
-4.300000e-01 3.050000e+00 4.000000e-01
-3.600000e-01 -1.350000e+00 0.000000e+00
-6.400000e-01 -5.300000e+00 -2.000000e-02
-7.100000e-01 -4.080000e+00 -1.500000e-01
-1.070000e+00 -1.270000e+00 2.000000e-02
1.600000e-01 3.280000e+00 -8.000000e-02
-2.600000e-01 5.730000e+00 -2.700000e-01
3.800000e-01 7.560000e+00 -1.000000e-01
0.000000e+00 7.120000e+00 -1.500000e-01
-2.500000e-01 4.740000e+00 -1.400000e-01
-7.100000e-01 -5.300000e-01 2.100000e-01
-2.700000e-01 -4.080000e+00 -1.000000e-02
-5.200000e-01 -3.680000e+00 -7.000000e-01
-9.100000e-01 -1.740000e+00 -8.000000e-02
-6.100000e-01 -1.120000e+00 -2.000000e-01
7.400000e-01 5.630000e+00 -5.000000e-02
2.400000e-01 7.090000e+00 -2.000000e-01
-1.020000e+00 6.910000e+00 -2.200000e-01
-4.400000e-01 5.580000e+00 -1.000000e-02
4.700000e-01 1.850000e+00 -2.100000e-01
4.000000e-02 -2.970000e+00 -1.500000e-01
